,x,y
0,0,1.0
1,1,4.0
2,2,6.0
3,3,15.0
4,4,19.0
5,5,25.0
6,6,33.0
7,7,56.0
8,8,86.0
9,9,113.0
10,10,147.0
11,11,169.0
12,12,192.0
13,13,277.0
14,14,489.0
15,15,621.0
16,16,621.0
17,17,907.0
18,18,1077.0
19,19,1169.0
20,20,1308.0
21,21,1423.0
22,22,1552.0
23,23,1742.0
24,24,1926.0
25,25,2132.0
26,26,2371.0
27,27,2566.0
28,28,2916.0
29,29,3156.0
30,30,3581.0
31,31,3845.0
32,32,4102.0
33,33,4226.0
34,34,4447.0
35,35,4665.0
36,36,4935.0
37,37,5208.0
38,38,5510.0
39,39,5640.0
40,40,5755.0
41,41,5863.0
42,42,6010.0
43,43,6160.0
44,44,6244.0
45,45,6320.0
46,46,7697.304552462649
47,47,8016.234444117403
48,48,8341.40588049786
49,49,8672.818861604017
50,50,9010.473387435879
51,51,9354.369457993445
52,52,9704.507073276713
53,53,10060.886233285682
54,54,10423.506938020357
55,55,10792.369187480734
56,56,11167.472981666813
57,57,11548.818320578595
58,58,11936.40520421608
59,59,12330.233632579268
60,60,12730.30360566816
61,61,13136.615123482754
62,62,13549.168186023051
63,63,13967.96279328905
64,64,14392.998945280753
