,x,y
0,0,2.0
1,1,2.0
2,2,2.0
3,3,2.0
4,4,2.0
5,5,2.0
6,6,2.0
7,7,3.0
8,8,3.0
9,9,4.0
10,10,4.0
11,11,8.0
12,12,8.0
13,13,9.0
14,14,9.0
15,15,9.0
16,16,9.0
17,17,9.0
18,18,9.0
19,19,9.0
20,20,9.0
21,21,9.0
22,22,9.0
23,23,9.0
24,24,13.0
25,25,13.0
26,26,13.0
27,27,13.0
28,28,16.0
29,29,18.0
30,30,23.0
31,31,36.0
32,32,40.0
33,33,51.0
34,34,85.0
35,35,115.0
36,36,163.0
37,37,206.0
38,38,273.0
39,39,321.0
40,40,373.0
41,41,456.0
42,42,590.0
43,43,707.0
44,44,1140.0
45,45,1391.0
46,46,1543.0
47,47,1950.0
48,48,2630.0
49,49,3277.0
50,50,3983.0
51,51,5018.0
52,52,5683.0
53,53,6650.0
54,54,8077.0
55,55,9529.0
56,56,11658.0
57,57,14543.0
58,58,17089.0
59,59,19522.0
60,60,22141.0
61,61,25150.0
62,62,29474.0
63,63,33718.0
64,64,38168.0
65,65,41903.0
66,66,47806.0
67,67,51608.0
68,68,55242.0
69,69,60733.0
70,70,65077.0
71,71,70272.0
72,72,78991.0
73,73,85571.05655349883
74,74,91624.38164974727
75,75,97938.34074883185
76,76,104518.13563477901
77,77,111368.96809161546
78,78,118496.03990336771
79,79,125904.55285406235
80,80,133599.70872772593
81,81,141586.7093083851
82,82,149870.75638006642
83,83,158457.05172679643
84,84,167350.79713260176
85,85,176557.19438150886
86,86,186081.4452575445
87,87,195928.7515447351
88,88,206104.3150271074
89,89,216613.3374886879
90,90,227461.02071350318
91,91,238652.5664855796
