,x,y
0,0,3.0
1,1,3.0
2,2,3.0
3,3,3.0
4,4,3.0
5,5,3.0
6,6,3.0
7,7,3.0
8,8,3.0
9,9,3.0
10,10,3.0
11,11,3.0
12,12,3.0
13,13,3.0
14,14,3.0
15,15,3.0
16,16,3.0
17,17,3.0
18,18,3.0
19,19,3.0
20,20,3.0
21,21,3.0
22,22,17.0
23,23,79.0
24,24,132.0
25,25,229.0
26,26,322.0
27,27,400.0
28,28,650.0
29,29,888.0
30,30,1128.0
31,31,1689.0
32,32,2036.0
33,33,2502.0
34,34,3089.0
35,35,3858.0
36,36,4636.0
37,37,5883.0
38,38,7375.0
39,39,9172.0
40,40,10149.0
41,41,12462.0
42,42,15113.0
43,43,17660.0
44,44,21157.0
45,45,23980.0
46,46,27980.0
47,47,31506.0
48,48,35713.0
49,49,41035.0
50,50,47021.0
51,51,53578.0
52,52,59138.0
53,53,63927.0
54,54,69176.0
55,55,74386.0
56,56,80539.0
57,57,86498.0
58,58,92472.0
59,59,97689.0
60,60,101739.0
61,61,105792.0
62,62,110574.0
63,63,115242.0
64,64,119827.0
65,65,124632.0
66,66,128948.0
67,67,132547.0
68,68,135586.0
69,69,139422.0
70,70,143626.0
71,71,147577.0
72,72,152271.0
73,73,159828.05258690834
74,74,162484.69899963122
75,75,164753.35848467296
76,76,166601.39831003605
77,77,167995.3084449506
78,78,168900.7015598797
79,79,169282.31302651262
80,80,169104.00091776985
81,81,168328.74600780185
82,82,166918.6517719872
83,83,164834.94438693475
84,84,162037.9727304828
85,85,158487.20838169951
86,86,154141.2456208825
87,87,148957.80142955866
88,88,142893.71549048403
89,89,135904.9501876462
90,90,127946.59060625908
91,91,118972.84453276814
