,x,y
0,0,1.0
1,1,1.0
2,2,1.0
3,3,1.0
4,4,2.0
5,5,2.0
6,6,3.0
7,7,4.0
8,8,4.0
9,9,4.0
10,10,4.0
11,11,7.0
12,12,12.0
13,13,15.0
14,14,15.0
15,15,16.0
16,16,18.0
17,17,23.0
18,18,24.0
19,19,24.0
20,20,25.0
21,21,27.0
22,22,28.0
23,23,28.0
24,24,28.0
25,25,28.0
26,26,28.0
27,27,29.0
28,28,30.0
29,29,31.0
30,30,46.0
31,31,80.0
32,32,155.0
33,33,345.0
34,34,601.0
35,35,762.0
36,36,892.0
37,37,1146.0
38,38,1595.0
39,39,2022.0
40,40,2931.0
41,41,3526.0
42,42,4212.0
43,43,4812.0
44,44,5328.0
45,45,5766.0
46,46,6284.0
47,47,6767.0
48,48,7134.0
49,49,7382.0
50,50,7513.0
51,51,7755.0
52,52,7869.0
53,53,7979.0
54,54,8086.0
55,55,8162.0
56,56,8236.0
57,57,8320.0
58,58,8413.0
59,59,8565.0
60,60,8652.0
61,61,8799.0
62,62,8897.0
63,63,8961.0
64,64,9037.0
65,65,9137.0
66,66,9241.0
67,67,9332.0
68,68,9478.0
69,69,9583.0
70,70,9661.0
71,71,9786.0
72,72,9786.0
73,73,9976.0
74,74,10062.0
75,75,10156.0
76,76,10237.0
77,77,10284.0
78,78,10331.0
79,79,10384.0
80,80,10423.0
81,81,10450.0
82,82,10450.0
83,83,10512.0
84,84,13046.873993782077
85,85,13298.356451908125
86,86,13551.723370348102
87,87,13806.97474910201
88,88,14064.110588169851
89,89,14323.130887551622
90,90,14584.035647247327
91,91,14846.82486725696
92,92,15111.498547580528
93,93,15378.056688218026
94,94,15646.499289169458
95,95,15916.82635043482
96,96,16189.037872014114
97,97,16463.13385390734
98,98,16739.1142961145
99,99,17016.979198635592
100,100,17296.728561470605
101,101,17578.362384619562
102,102,17861.880668082442
