,x,y
0,0,3.0
1,1,3.0
2,2,3.0
3,3,3.0
4,4,3.0
5,5,3.0
6,6,3.0
7,7,3.0
8,8,3.0
9,9,3.0
10,10,3.0
11,11,3.0
12,12,3.0
13,13,3.0
14,14,3.0
15,15,3.0
16,16,3.0
17,17,3.0
18,18,3.0
19,19,3.0
20,20,3.0
21,21,3.0
22,22,17.0
23,23,79.0
24,24,132.0
25,25,229.0
26,26,322.0
27,27,400.0
28,28,650.0
29,29,888.0
30,30,1128.0
31,31,1689.0
32,32,2036.0
33,33,2502.0
34,34,3089.0
35,35,3858.0
36,36,4636.0
37,37,5883.0
38,38,7375.0
39,39,9172.0
40,40,10149.0
41,41,12462.0
42,42,15113.0
43,43,17660.0
44,44,21157.0
45,45,23980.0
46,46,27980.0
47,47,31506.0
48,48,35713.0
49,49,41035.0
50,50,47021.0
51,51,53578.0
52,52,59138.0
53,53,63927.0
54,54,69176.0
55,55,74386.0
56,56,80539.0
57,57,86498.0
58,58,92472.0
59,59,97689.0
60,60,101739.0
61,61,105792.0
62,62,110574.0
63,63,115242.0
64,64,119827.0
65,65,124632.0
66,66,128948.0
67,67,132547.0
68,68,135586.0
69,69,139422.0
70,70,143626.0
71,71,147577.0
72,72,152271.0
73,73,173118.29099637995
74,74,179680.38359710338
75,75,186359.52939391317
76,76,193155.72838680923
77,77,200068.9805757916
78,78,207099.28596086023
79,79,214246.64454201524
80,80,221511.05631925655
81,81,228892.52129258408
82,82,236391.039461998
83,83,244006.61082749817
84,84,251739.23538908467
85,85,259588.91314675746
86,86,267555.64410051657
87,87,275639.42825036205
88,88,283840.2655962937
89,89,292158.15613831184
90,90,300593.09987641615
91,91,309145.0968106068
