,x,y
0,0,2.0
1,1,4.0
2,2,6.0
3,3,19.0
4,4,34.0
5,5,69.0
6,6,96.0
7,7,117.0
8,8,134.0
9,9,172.0
10,10,172.0
11,11,227.0
12,12,309.0
13,13,450.0
14,14,514.0
15,15,579.0
16,16,686.0
17,17,790.0
18,18,893.0
19,19,1046.0
20,20,1155.0
21,21,1285.0
22,22,1414.0
23,23,1528.0
24,24,1677.0
25,25,1790.0
26,26,1986.0
27,27,2092.0
28,28,2273.0
29,29,2491.0
30,30,2738.0
31,31,2956.0
32,32,3293.0
33,33,3512.0
34,34,3842.0
35,35,4162.828265851796
36,36,4418.167774038362
37,37,4681.1483946895705
38,38,4951.770127805422
39,39,5230.032973385914
40,40,5515.936931431049
41,41,5809.482001940825
42,42,6110.668184915244
43,43,6419.495480354304
44,44,6735.963888258006
45,45,7060.07340862635
46,46,7391.824041459335
47,47,7731.215786756964
48,48,8078.248644519232
49,49,8432.922614746145
50,50,8795.237697437698
51,51,9165.193892593892
52,52,9542.79120021473
53,53,9928.029620300207
