,x,y
0,0,1.0
1,1,1.0
2,2,1.0
3,3,1.0
4,4,2.0
5,5,2.0
6,6,5.0
7,7,5.0
8,8,5.0
9,9,5.0
10,10,6.0
11,11,7.0
12,12,8.0
13,13,11.0
14,14,11.0
15,15,11.0
16,16,12.0
17,17,12.0
18,18,12.0
19,19,12.0
20,20,12.0
21,21,13.0
22,22,13.0
23,23,14.0
24,24,15.0
25,25,15.0
26,26,15.0
27,27,15.0
28,28,15.0
29,29,15.0
30,30,15.0
31,31,16.0
32,32,35.0
33,33,35.0
34,34,35.0
35,35,53.0
36,36,53.0
37,37,59.0
38,38,60.0
39,39,66.0
40,40,69.0
41,41,89.0
42,42,103.0
43,43,125.0
44,44,159.0
45,45,233.0
46,46,338.0
47,47,433.0
48,48,554.0
49,49,754.0
50,50,1025.0
51,51,1312.0
52,52,1663.0
53,53,2174.0
54,54,2951.0
55,55,3774.0
56,56,4661.0
57,57,6427.0
58,58,9415.0
59,59,14250.0
60,60,19624.0
61,61,26747.0
62,62,35206.0
63,63,46442.0
64,64,55231.0
65,65,69194.0
66,66,85991.0
67,67,104686.0
68,68,124665.0
69,69,143025.0
70,70,164620.0
71,71,189618.0
72,72,216721.0
73,73,245540.0
74,74,277965.0
75,75,312237.0
76,76,337635.0
77,77,368196.0
78,78,398809.0
79,79,432132.0
80,80,466033.0
81,81,501560.0
82,82,529951.0
83,83,580908.7269089556
84,84,619196.8888747023
85,85,658992.8557480057
86,86,700323.8836267343
87,87,743217.2286087598
88,88,787700.14679195
89,89,833799.8942741766
90,90,881543.7271533085
91,91,930958.9015272168
92,92,982072.67349377
93,93,1034912.2991508379
94,94,1089505.0345962923
95,95,1145878.1359280013
96,96,1204058.8592438356
97,97,1264074.4606416645
98,98,1325952.196219359
99,99,1389719.322074789
100,100,1455403.0943058233
101,101,1523030.7690103315
