,x,y
0,0,2.0
1,1,2.0
2,2,2.0
3,3,2.0
4,4,2.0
5,5,2.0
6,6,2.0
7,7,3.0
8,8,3.0
9,9,4.0
10,10,4.0
11,11,8.0
12,12,8.0
13,13,9.0
14,14,9.0
15,15,9.0
16,16,9.0
17,17,9.0
18,18,9.0
19,19,9.0
20,20,9.0
21,21,9.0
22,22,9.0
23,23,9.0
24,24,13.0
25,25,13.0
26,26,13.0
27,27,13.0
28,28,16.0
29,29,18.0
30,30,23.0
31,31,36.0
32,32,40.0
33,33,51.0
34,34,85.0
35,35,115.0
36,36,163.0
37,37,206.0
38,38,273.0
39,39,321.0
40,40,373.0
41,41,456.0
42,42,590.0
43,43,707.0
44,44,1140.0
45,45,1391.0
46,46,1543.0
47,47,1950.0
48,48,2630.0
49,49,3277.0
50,50,3983.0
51,51,5018.0
52,52,5683.0
53,53,6650.0
54,54,8077.0
55,55,9529.0
56,56,11658.0
57,57,14543.0
58,58,17089.0
59,59,19522.0
60,60,22141.0
61,61,25150.0
62,62,29474.0
63,63,33718.0
64,64,38168.0
65,65,41903.0
66,66,47806.0
67,67,51608.0
68,68,55242.0
69,69,60733.0
70,70,65077.0
71,71,70272.0
72,72,78991.0
73,73,94474.61964832853
74,74,102649.64488633531
75,75,111326.58769593191
76,76,120524.97097454187
77,77,130264.68017942163
78,78,140565.96332766078
79,79,151449.43099618153
80,80,162936.05632173884
81,81,175047.17500092075
82,82,187804.48529014803
83,83,201230.048005674
84,84,215346.2865235853
85,85,230175.9867798014
86,86,245742.2972700741
87,87,262068.72904998853
88,88,279179.15573496226
89,89,297097.8135002462
90,90,315849.3010809237
91,91,335458.57977191097
