,x,y
0,0,1.0
1,1,4.0
2,2,4.0
3,3,5.0
4,4,7.0
5,5,8.0
6,6,9.0
7,7,11.0
8,8,11.0
9,9,11.0
10,10,12.0
11,11,13.0
12,12,13.0
13,13,13.0
14,14,13.0
15,15,15.0
16,16,15.0
17,17,15.0
18,18,15.0
19,19,15.0
20,20,15.0
21,21,15.0
22,22,15.0
23,23,15.0
24,24,15.0
25,25,15.0
26,26,15.0
27,27,15.0
28,28,15.0
29,29,17.0
30,30,21.0
31,31,47.0
32,32,57.0
33,33,111.0
34,34,129.0
35,35,157.0
36,36,196.0
37,37,262.0
38,38,400.0
39,39,684.0
40,40,847.0
41,41,902.0
42,42,1139.0
43,43,1296.0
44,44,1567.0
45,45,2369.0
46,46,3062.0
47,47,3795.0
48,48,4838.0
49,49,6012.0
50,50,7156.0
51,51,8198.0
52,52,14138.0
53,53,18187.0
54,54,21463.0
55,55,24774.0
56,56,29212.0
57,57,31554.0
58,58,36508.0
59,59,42288.0
60,60,48582.0
61,61,52547.0
62,62,57298.0
63,63,61913.0
64,64,67366.0
65,65,73522.0
66,66,79696.0
67,67,85778.0
68,68,91714.0
69,69,95391.0
70,70,99225.0
71,71,103228.0
72,72,108202.0
73,73,113525.0
74,74,117658.0
75,75,120479.0
76,76,149048.31925584117
77,77,157753.92512727805
78,78,166778.36182293505
79,79,176127.17322797686
80,80,185805.90322756828
81,81,195820.0957068741
82,82,206175.29455105923
83,83,216877.04364528842
84,84,227930.88687472627
85,85,239342.3681245379
86,86,251117.03127988786
87,87,263260.4202259412
88,88,275778.07884786255
89,89,288675.5510308166
90,90,301958.3806599685
91,91,315632.11162048276
92,92,329702.28779752436
93,93,344174.45307625784
94,94,359054.1513418483
