,x,y
0,0,1.0
1,1,4.0
2,2,6.0
3,3,15.0
4,4,19.0
5,5,25.0
6,6,33.0
7,7,56.0
8,8,86.0
9,9,113.0
10,10,147.0
11,11,169.0
12,12,192.0
13,13,277.0
14,14,489.0
15,15,621.0
16,16,621.0
17,17,907.0
18,18,1077.0
19,19,1169.0
20,20,1308.0
21,21,1423.0
22,22,1552.0
23,23,1742.0
24,24,1926.0
25,25,2132.0
26,26,2371.0
27,27,2566.0
28,28,2916.0
29,29,3156.0
30,30,3581.0
31,31,3845.0
32,32,4102.0
33,33,4226.0
34,34,4447.0
35,35,4665.0
36,36,4935.0
37,37,5208.0
38,38,5510.0
39,39,5640.0
40,40,5755.0
41,41,5863.0
42,42,6010.0
43,43,6160.0
44,44,6244.0
45,45,6320.0
46,46,6415.0
47,47,6488.0
48,48,6566.0
49,49,6677.0
50,50,7050.1208643457385
51,51,7213.690708283314
52,52,7377.260552220888
53,53,7540.830396158463
54,54,7704.400240096039
55,55,7867.970084033613
56,56,8031.539927971188
57,57,8195.109771908763
58,58,8358.679615846337
59,59,8522.249459783914
60,60,8685.819303721488
61,61,8849.389147659065
62,62,9012.958991596639
63,63,9176.528835534213
64,64,9340.09867947179
65,65,9503.668523409364
66,66,9667.238367346938
67,67,9830.808211284515
68,68,9994.378055222089
