,x,y
0,0,1.0
1,1,4.0
2,2,6.0
3,3,15.0
4,4,19.0
5,5,25.0
6,6,33.0
7,7,56.0
8,8,86.0
9,9,113.0
10,10,147.0
11,11,169.0
12,12,192.0
13,13,277.0
14,14,489.0
15,15,621.0
16,16,621.0
17,17,907.0
18,18,1077.0
19,19,1169.0
20,20,1308.0
21,21,1423.0
22,22,1552.0
23,23,1742.0
24,24,1926.0
25,25,2132.0
26,26,2371.0
27,27,2566.0
28,28,2916.0
29,29,3156.0
30,30,3581.0
31,31,3845.0
32,32,4102.0
33,33,4226.0
34,34,4447.0
35,35,4665.0
36,36,4935.0
37,37,5208.0
38,38,5510.0
39,39,5640.0
40,40,5755.0
41,41,5863.0
42,42,6010.0
43,43,6160.0
44,44,6244.0
45,45,6320.0
46,46,6856.492959628831
47,47,6986.596518994616
48,48,7104.4007240742885
49,49,7209.17848078896
50,50,7300.2026950597265
51,51,7376.746272807695
52,52,7438.082119953977
53,53,7483.483142419673
54,54,7512.222246125888
55,55,7523.572336993728
56,56,7516.806320944304
57,57,7491.197103898716
58,58,7446.017591778063
59,59,7380.540690503463
60,60,7294.039305996013
61,61,7185.786344176819
62,62,7055.054710966995
63,63,6901.1173122876335
64,64,6723.24705405985
