,x,y
0,0,2.0
1,1,4.0
2,2,6.0
3,3,19.0
4,4,34.0
5,5,69.0
6,6,96.0
7,7,117.0
8,8,134.0
9,9,172.0
10,10,172.0
11,11,227.0
12,12,309.0
13,13,450.0
14,14,514.0
15,15,579.0
16,16,686.0
17,17,790.0
18,18,893.0
19,19,1046.0
20,20,1155.0
21,21,1285.0
22,22,1414.0
23,23,1528.0
24,24,1677.0
25,25,1790.0
26,26,1986.0
27,27,2092.0
28,28,2273.0
29,29,2491.0
30,30,2738.0
31,31,2956.0
32,32,3293.0
33,33,3512.0
34,34,3842.0
35,35,4304.107766743073
36,36,4599.540106263649
37,37,4907.637722576437
38,38,5228.651823897816
39,39,5562.833618444163
40,40,5910.434314431859
41,41,6271.70512007728
42,42,6646.897243596806
43,43,7036.261893206814
44,44,7440.050277123685
45,45,7858.513603563795
46,46,8291.903080743525
47,47,8740.46991687925
48,48,9204.465320187352
49,49,9684.140498884206
50,50,10179.746661186195
51,51,10691.535015309695
52,52,11219.756769471081
53,53,11764.663131886738
